13546811121
13648816638
13969372669
18219122083
13602583175
13802226765
13530207427
13602583175
13988470299
13894839056
13681574112
13175155555
15211303277
13503096833
15821338973
18646211829
13603588394
13803188786
13466265003
13902918811
13618805841
13643982900
18682560071
15599976000
15918370430
18031106513
15922686081
18653286668
18507294177
13543691713
13603798699
13486901490
18313752512
13480663823
13480663823
13519006386
13415933322
13307380682
15711068633
13825617887
13530052839
13831706763
13560191256
18988538342
13935177745
18177007199
13922098068
13358047915
13577210956
13904989966
13929862837
13904989966
13935177745
15684537921
13633579880
13703141890
15850524440
13977507177
15696157074
13802713278
15809901816
13712252708
13556501333
13556501333
13987978317
13885175781
13633781895
15030746196
13588354652
18807225294
13890002911
13678977733
13370161717
15546267787
13633781895
15546267787
15734493006
15546267787
13697333337
15546267787
13806822866
15546267787
13567951312
15546267787
13798253488
13974840998
13926686629
15546267787
15903656703
13928787876
13549952917
13037731141
18578326028
18578326028
18578326028
15805422871
13439339562
13595080299
15360027111
13959035991
18032666957
13511648500
13827162355
15040011501
15319882777
15319882777
15319882777
15319882777
15319882777
15319882777
13790733988
15920091577
15319882777
18468167060
15303837955
13032893930
13975045856
13523555871
18608712398
13772180031
13871250450
15032010860
13386757722
13985026081
15303837955
18657368568
13877989766
13073594678
13636683358
13483873974
13869324038
15583402578
13051998008
18997988345
13061000011
13917641555
18506622866
13102107979
15710566043
15303837955
13486901490
18077049616
18666730101
13591908838
13917641555
13711789557
18376315980
18475989830
18173697521
17763578371
13600063688
13509110499
18877525388
13432853019
13432853019
13838466271
18877525388
13119847888
15519865222
13925616565
13651054562
13452589188
13651720766
18901171115
15303837955
15303837955
17317900876
15303837955
15303837955
15804432833
13676276136
18312964650
13377309536
13901591312
13660797188
13501812925
13508739996
15846785236
13486901490
13486901490
13486901490
13486901490
13486901490
18407671911
18677096167
13395406499
18053628036
13899151799
13699115170
13431579543
18638269601
13324912292
13324912292
18638269601
13993115076
15540067576
18376353515
18607243369
13480261632
13823365621
15265629068
15335921793
13711105770
13880572086
15923095175
13431579543
15832555876
13699115170
13699115170
13988772233
13432682050
18656053230
18259501700
18656053230
13305463667
15887130866
13877976569
18516688323
13007999544
13764321948
18713076692
18777722286
13700721950
18904391920
18755118499
13506984791
15969872013
13805922025
13205030100
18788478944
18766502174
13729789063
13802939571
13927896196
13503775608
18971530688
13673796472
13660910039
13927198613
15028024066
15028024066
18627574354
13925720106
13465666223
13931297148
18106358844
18576500038
13888773848
13940755559
13840430788
13566309866
13404333533
13792563757
13726384468
13887335008
13887393916
18505960505
13924616902
18616574218
18610580697
13889123212
13416530118
13438862636
13886260456
13322265166
15901627703
15198977926
18678698896
13711484223
13711484223
13404251369
13973684952
13932119188
13360195797
13738926981
15169641588
13838593003
13849386295
13713589859
18640233945
13572144416
13899925051
13993609796
13822664839
13554068817
18907890483
15999126265
13872310856
13857148633
18695113619
18695113619
13365016107
18699821179
13676938711
15541524999
13588517328
13876026598
18388368805
13700620708
13771393609
13909776953
13888083636
13919339900
13431733160
13890167008
18977637185
13984458136
15074668986
15306001568
13309914888
13907026146
13849151529
13830501658
15887806809
13577336699
13987200071
13987200071
13689598344
13336440780
13886937266
13919814379
13801958772
13802468181
13681889885
13642551599
13598860566
15110405628
13961661980
18685830953
15752802558
13888003560
75523238333
15179482361
15040011501
15040011501
13993956737
13631230098
13999101816
15815034888
18199965679
17701925130
15575882526
18241018900
13886809826
18178206378
15097762000
13370918333
13901034943
13922322964
13319849982
18468154180
13993208880
18076759196
13096522008
13663686375
13424209878
13880008396
13927507906
15303837955
15303837955
15303837955
15303837955
18932988669
18666018329
15319882777
13327383123
13888594595
18665777534
13404976198
13999992088
13759176455
15040040800
15303837955
13830670337
13709657621
15303837955
15303837955
15303837955
15303837955
13898800786
18666380931
15316335117
13834220436
18601616993
13531039237
18737531823
13727806063
13520329558
939736026
18718679273
13325011170
13829891944
13930144073
18666463899
13536056338
13474671291
13662298235
13905322387
13712336512
13929916470
13522473991
18606410288
17388262386
18570638878
18570638878
13249091286
13951104408
13704764104
13295188929
13621266699
13008920066
15972052682
15384343708
18979953444
13705433919
15868399997
15797723511
18335151304
18833202551
15122927688
13577779402
13209924456
13326905866
18988262788
15655032766
13961661980
13600006508
18988262788
13450666692
13826621599
18703695015
15142940011
18507627195
13933806755
13534473393
13768851198
13768851198
13968177265
13581656655
13604112373
18867770388
13249091286
18507627195
13961697312
13714197320
13809909599
13333228769
15838917008
15878625888
13099079038
18691119114
18057763876
13810606799
15204078933
15209166030
18782917432
13789528232
13390032697
18057725700
15541192368
13888213856
13888213856
13725801967
15318782180
13932808583
15702097187
17744680890
13679346655
17812116605
19943103827
13939310958
18081409681
13885128600
13190979009
13324303456
18677739575
18551767177
13324303456
13687583891
17103603618
18016490505
13852155356
13899922799
18924053083
18625589822
13658245365
13918064441
13670694288
18501340269
15947765221
18193943566
13485201720
15925227805
13709621106
17103510440
18633308830
18633308830
18633308830
15657123892
13063892753
18902755525
13570016853
13931008076
15014897178
18963997939
13932169973
13836144705
15916198000
13378451467
13973244660
13794997165
18926777067
13585594971
13678973268
13332990117
13879203868
15673351581
13587732087
13632386600
18928060847
18601329150
18027692632
17795332833
13861081967
13528650799
18758306306
13511973559
18668933113
18668933113
18668933113
13676555979
13411075976
13870634076
17857256897
13144229708
13729747315
13825705795
13933806755
13677348663
13784662116
18569931678
15079864388
13903708006
13510901687
13433214151
13708725992
18620684442
18760671167
18620684442
15060560265
18788287950
13769194226
13184115895
15578069068
15271108838
15826995978
13528751652
13662694935
15372668118
13802978626
17751058847
13660252880
13999216897
18767838185
18793195332
13822366085
15911581578
18939127718
18389147379
15219133778
15813826123
13318282993
75523238333
13822600809
13587175711
13806278866
13822600809
13956084098
13526804120
13923448114
18630831075
13686445878
15929562080
13480663823
13807876346
13807876346
15987550966
13788015897
13888585799
13352835043
13726044738
15920106545
13662401491
15521003810
13073031878
13902444795
18991974888
17728880285
15912523483
13359177288
13690876367
13750522933
15764436311
13517677007
17728880285
18991974888
18804000011
15752674446
15752674446
13593467288
13593467288
13917395791
15624065788
13186190265
13378758390
15878419319
13608570819
13014388790
15137413966
18151202808
13480663823
13480663823
13542381394
13509161712
13780996925
13542381394
13227002003
18045286879
13937023357
15838872166
13307481312
18595619965
13919027436
13732795488
18758562342
13828808099
13403185345
15810509905
13827761185
13997791684
18201874376
13713219196
18802520292
13607861861
13553393383
13756888230
13630492232
13143735565
18988476808
13847113530
17755495785
18678971533
13890992389
13771961324
15613802839
13905695834
13963818997
13718082541
18616824731
18984555196
13688651215
15550770319
13535941019
13823368410
18666538368
13724002288
13686823996
13916440651
13666244022
18266487901
17728880285
13577882640
15239353588
13646269361
15913292958
17687653558
18665666614
13556411631
18516688323
13560816038
13324722668
18656053230
13702222627
15915170246
15915170246
18789430563
15706387691
13902253080
13727129283
15077196336
13468406015
13911018670
15677968383
18681309789
18926950233
18926950233
18926950233
13844106479
13402522612
18229214928
13867589005
18076674199
13307481312
13725139236
13647240455
18656053230
13578490701
13641817978
13936348365
13531415050
18656053230
13232716733
18607243369
13386757722
13858053787
13646027935
13544999482
13772191958
13568504093
13065050772
13822260044
13603101206
13265330342
13991381904
13715242858
15392893213
13878897818
13480663823
15912160454
15078332092
13580012638
18725612379
13432716244
13768666468
18811219698
13572233704
18745026923
18509202998
15089482578
17777941446
15915059309
18996166370
13818628887
18804000011
15208623588
13652611163
13591736730
13630022110
13711484223
15012520553
18815365108
18975196588
13543434858
13808993789
15078362289
13503002889
13901686851
13307590960
18904760613
13888031189
13598090828
18900518168
15057369315
18919800046
13889905731
13403160673
13751065843
13409019012
13909001527
13909001527
13001988815
13528555513
13452166911
13926384368
13926384368
15636717177
13076009187
13908465525
18376949116
13618105306
13994710987
13916965578
18292083183
13544954864
13543988686
17702915132
18938808327
13788139869
18037557133
13979783532
13911822260
13753178650
18984854660
18984854660
17787891848
18312161092
15039488883
15920314920
15039488883
13965606628
13727750319
15637401181
13924088063
15039488883
18899506551
15977059596
13776876678
13082310800
19914467231
18613178769
15864378787
15332011088
13888767383
15837868292
13903732319
13903732319
18620206525
13991833012
13949463299
15072226369
18128703855
18978143721
18377336303
13078471612
13650752300
18026254428
17787081939
18824409552
13752668036
13680930339
18322339576
18025008323
18899506551
18874210047
17121537389
15651665556
15904614361
13829888988
15823055155
13719392820
13929003144
13973732739
13906433217
13988939015
13392900501
18975305841
13432311158
13861066620
13632699909
15299684000
15099863586
15838933196
15813817276
13608540407
18926812720
18718679273
15813817276
13707318801
15810509905
13752484685
13988703886
18176768220
13926708097
13938280809
13969265278
18676945021
13268015085
18665777534
13692898096
13999423071
13975857125
15521198532
15902799409
15138459331
18665595223
13259702957
18984854660
15872100118
18777481772
13947180928
18978762390
13711230648
13395406499
13715795257
15528032294
15002288886
18665023923
15503182323
18827603610
18941251133
13917638762
13942230772
13942230772
13660429515
13888003560
15870715028
13623886262
13888003560
18688896739
15870715028
15714123882
15242125452
13677843539
15174098887
13677843539
15697737855
13302371122
17321457703
13947180928
13532687005
18608898435
18078721856
13168083831
13784204246
13822581197
18951073616
18909729244
13656878272
13503258697
18621262706
17688399215
13676110074
18453311758
13385559288
18312053238
18373116709
15977922326
13961661980
18588582823
15600553988
13980754309
13265330342
15989162029
15384814691
13468448461
18906109695
13884896085
13332844897
13988071357
13170685495
15878367828
13711656995
13987482539
13908084165
13878326899
13249091286
13776876678
13539578038
18159333888
18974594000
18184773225
13461107269
18999996231
18321806323
18933646433
18933646433
15808750895
18739178252
15825597577
15046203963
18672353512
13330069869
13609643563
13652669648
13987136233
13253212811
13928942788
15827176429
13539103508
18763014202
15269223536
15152358157
18998617623
13282179228
13929261814
18844381866
15275544633
13974878029
13518098482
15105350896
13282179228
13902557228
15019474879
15570109373
15077371010
13963762369
13432569998
13653311990
13729497388
15666705976
13410998507
18987106867
18361435311
13886809826
13109506677
13711087550
13970968231
13873150146
13873150146
13831819709
13903845833
18312854790
15823055155
13805743231
13608879999
13608879999
13759169259
13517590730
13537953348
13537953348
13808795507
13537953348
13508376443
15185371454
13211762579
13923849206
18907736476
15923095175
13788135991
13657837622
15887491656
18900997666
13676276136
13864477689
15001761865
15501271601
18955418988
13554068817
18557525959
15185371454
13923849206
15063831190
18846360033
13829883337
13793397605
18846360033
18656053230
13665520932
13991381904
18656053230
18673104616
13418264778
13524235690
16639631873
13864701909
13890167008
13703853359
13711763883
13386757722
15009264125
13500489683
13693645254
13911377849
13607484656
17806248595
13783577668
15699564444
13602724298
18660622993
18660622993
13520213483
13926370111
18179278947
15925227805
13702930882
13336662599
13192533225
15989223046
13391123119
13908847718
13478878993
13752686462
15912133407
13303792229
13505956984
15887588548
13588495279
13303792229
13902557228
13902557228
13624009189
15008860909
18987432390
18241636535
13987308837
13673668013
13798292163
15640350908
13798292163
15372681009
15166672607
13503647327
13503647327
13915290375
18058579818
13542257608
15954226998
18058579818
18058579818
13769180615
13311870107
18241636535
13355232633
15683107283
13941279933
15975271157
13005728075
18588812122
18404467577
13265330342
13834346777
13512792510
13834346777
18798133385
13603093180
13602500345
13512792510
13815309508
13978146461
15107742181
13621415947
13925294730
15919198098
13317860509
18807107553
13399014455
13593713377
13910214506
15994365842
13851433588
13945314997
13923797600
13501807831
17693164993
18599009046
13613835371
18022217233
75523238333
18656053230
17728880285
13665520932
13791879111
18725672550
13910696897
98363109
13834671372
13309914888
13822739128
13954026299
18071665051
15800362101
15887838070
15999488818
15119744322
15663487333
13534473393
13883041711
13728184444
15541192368
13212995786
13587156797
13207898997
13842579640
18641163285
13963961916
13824166359
13824166359
13905619632
13905619632
13356635396
13974550281
13356635396
13512233827
15014711138
18691639155
13954026299
13963818997
18903531766
13686642877
15347750312
13500252739
13686642877
15866680088
13724061010
13630413570
15917560224
13257978897
13794408762
17151891444
13760710367
18659790694
13985664860
13713690281
13403911826
13686445878
13226848219
13877908404
13431109406
18005731369
13824829527
13905342668
13999992088
15173289080
13556013647
13602360878
13964098883
18578326028
13511980530
13833913348
13888052854
13802939036
18685035765
18837578866
13615333666
18837578866
15543368227
18928547260
15586190321
15518459826
13332633223
18727968071
13267676044
13803188786
13243346770
13642417037
13543825310
13847512756
15911302172
13960702661
15185032748
18753521024
13705791633
13664221366
15223359266
15042582058
13920275508
15367336635
18260959767
15183250132
13507766229
15368089377
13947715720
15042582058
13806877755
13920275508
15007896899
13457237303
13356635396
13702470127
13702470127
13987222994
15773359682
13388852119
18665695690
18126644462
13845527011
18101695889
13500707245
15833593295
13681965061
13926797813
13550165471
13336120209
13905761617
13432682050
18173211771
13620114626
13387668170
13543988686
15233662455
13702577071
13360986711
15183250132
13501057392
13996178606
13812321266
13964098883
13887859054
13996178606
13614948780
13605959902
13512897360
15254326113
15971479981
13940998552
15812898128
13335164764
13838413388
18928548746
18076619916
13939809827
13833114333
13601889100
13638894589
17751058847
13660071652
15915170246
13978146461
13403185345
15764665678
15007896899
13432605538
18775117799
13366218688
18211328784
17708640232
15819650996
15610291997
18096018888
15836584011
18977443608
15295068245
13555642835
18604903027
13324722668
18822769079
13593467288
13593467288
13531990419
18975161269
18261106714
13037329668
18933170817
13783333211
13688766226
13688803866
18660666113
18635949777
18971391960
13812408190
13324722668
13397147710
18120537888
13523795801
13674731660
13536911576
18025008323
15965534911
18505462597
15109434830
13553050263
18611701020
15968470881
15602828733
13480085202
13851066308
15093831268
15089482578
13902891831
13670175142
15878367828
13832616922
13582151081
15019456652
13925504669
18551850809
15924754955
13702231923
13788139869
18615337224
18091353688
18007880965
13885175781
13885175781
13887340717
13215022266
13340242429
13073796208
13699419568
13864670560
15049273855
18867942399
13802226765
13089396633
18673783136
13623898950
13667840302
15535150555
13969320398
18700752173
15103198813
15103198813
15238375711
13860787958
17759580960
13978091470
13571825071
15920134018
13885128600
13870956233
15891368877
15201567274
13143863939
15698835761
13732760781
13732760781
15911739800
18211914626
13615333666
13888139900
18764389289
18176622059
18335366688
13612525755
15857330093
13958256345
13972504283
18743025878
13586507332
18968915678
13322670055
18587883477
15888170639
18588812122
18595863738
13600459036
18971391960
13592378199
18680720027
13519913322
18853732913
 null
13887075448
13019995625
13692610136
13546811121
13451310449
13923127198
13451310449
15183220917
13902585346
13930840185
18260919145
13999967233
13824504398
15715988888
13798326415
15289699029
13888213856
18022217233
13388852119
13691869191
13926075807
13814444228
15529511254
13873320445
18225859353
13928826898
13460590631
13803911444
13783018609
18241460344
13822040593
13824235738
13928306161
15886487772
13867711415
13699111696
15625288993
13692610136
18946683400
13929001149
13362161035
13601711080
13217513988
13923778961
13823365391
15368393329
15277313369
13543188187
13909299232
13608775393
15900009921
13780835655
18232390335
18982511799
18687285053
13839159090
13999707091
15863651668
13768040202
18982542043
13809764549
13958958937
13522473991
13265330342
13848001819
15101915165
15382223573
13977494863
13780835655
18646335482
13008816511
15920314920
18300054851
13908084165
13532928202
13711484223
13711484223
13470134555
15959901386
13850666969
13906464689
13940082036
13850666969
13850666969
15731163338
13850666969
13738206089
13816705325
17720075239
13929619700
15823379307
 null
15360625552
13572226035
13572226035
13711640900
13877192258
13692845284
13692845284
18938468308
13580950980
13795117021
13686445878
18381828919
18963206956
18768100324
18987106867
18923221859
13556065432
13922948333
18357359009
13265330342
15808219970
13556065432
13501894863
18980085380
18676327633
13845998885
17301487861
15360816868
13227008558
13530435258
18030713307
15165618833
18681309789
18030713307
18277715992
13686445878
13858001441
15920091577
13568993443
15089737447
13580202696
13518189443
18611083052
13910803833
13609186425
13858001441
18007746323
13556065432
18946158258
15918742897
15550723232
13690699995
13372230127
18923221185
18980866223
13517677799
13620877742
13505426308
17362130516
18743025878
18966730261
13372230127
13132512650
13622233851
13898360505
15900005005
15016350942
13320999787
13432923399
18980866223
15254511527
18634540489
13206396377
13985568008
18049118595
13609186425
13750400753
13922280272
15106699406
15960696156
18393230258
15692206295
13926273377
18938808327
13206396377
18634540489
13929651888
15106699406
13502368442
13715855000
15087107295
15016422228
13808810996
13916356007
18007746323
15987938564
13788226822
13510201517
18316831110
13206396377
18062698212
15960696156
13929651888
13206396377
18007746323
18393230258
13622233851
13232716733
13788226822
13393642137
18975011869
13686445878
13005198926
13537600922
15927518149
15016350942
18666369613
13692483823
13119637010
13680968844
18022997877
13677380881
15960696156
18927632067
13700087125
18690270993
18970817601
18634540489
13926273377
13927123122
15254511527
13610380011
13556163138
13580202696
15070150308
18743025878
18030713307
15051892246
13759132210
13822535595
13537600922
15071485372
13532807789
15016350942
15112781869
15254511527
15096415581
13592733672
13736481200
18927632067
15016422228
13508862837
18038888299
15550723232
13393642137
13802858465
13502368442
18923599332
13709196768
13650521376
18946683400
13916356007
18561916810
15312242827
18634540489
18030713307
18059000917
13680968844
13724083552
13513587972
18805321383
15859056012
13632294924
13926273377
13650814489
13826070903
15041455568
13535287122
13961220136
13888651001
13332633223
13826070903
13977494863
13927997568
13365327880
13929654333
13356428426
13572218500
13650814489
13630484881
18993181176
15980756768
13849889588
15396208197
18917855877
17316585158
17316585158
15837998548
18903003380
18917855877
18942476143
13988624025
13227008558
15982015330
18511875993
18014662445
13877209098
13992997585
13783333211
13418486273
15615376333
15328023809
18215577881
13847249361
13722875566
13418186206
18903270693
13916323869
13760547655
13588927657
13478355437
15870781798
15318782180
18746131837
18656053230
13536943822
18807788088
18602318243
15809000956
13622240584
13719212170
18740545867
13707402221
15165245958
13421469470
18883169758
13902656396
18905506770
18905506770
13549834690
18940131122
18610814955
13888213856
15131884917
15131884917
15912111940
15043500669
15836584011
13999939615
13999930835
13512137838
13682280036
13830998489
13838295365
18631025666
13620420158
13666067932
13591771436
13916960382
13802939036
13590089406
18152276888
17640469111
18680855233
15378790099
18764389289
18764389289
15905588280
13605319181
13139652666
13608736060
13392874522
15500975641
18066464777
18091851680
18276424857
13833195926
13501807831
15807617914
18126433890
13911123296
15865652931
13560467720
13577086117
13577086117
13577086117
13577086117
13577086117
13577086117
13577086117
13577086117
13577086117
13577086117
18989863250
15222173815
17763647721
13698750924
13534269336
18861662244
18992651309
13461107269
13430669859
18088489654
13607888820
13902557228
18266487901
18468270289
18653150729
13529055082
18274877533
13031403759
13630220582
15977404644
13861909088
13861909088
15925363215
13987200071
13738385018
13987796556
13888854241
13679081286
18608861788
13922766739
13891898380
13686571205
15865463852
18171858088
13536399656
13802933527
13564250695
13472693149
17639363678
17639363678
17639363678
13544702558
15066166377
13929832810
15925227805
15077895279
13369660210
13987796556
13603060906
18607513168
13333057768
18928804598
13313121287
15818859119
18978937718
18928804598
18945126747
15819650996
13886180709
13781843111
15119860987
13942612439
13801688032
13709279022
13910761258
15819650996
15825894888
18128018101
13507760806
13923681448
13837982194
15524061777
13888756111
15131868555
17645785446
13886180709
13559640997
15900005005
13232716733
15992189009
15129770866
13886180709
13853662809
15070150308
13903392409
13802933527
13886180709
13686445878
18354075500
15863736773
13577138807
13984121316
75523238333
15887581705
13913975708
15072287267
18879387928
13361299886
18824868937
13806877755
13600319752
13951967114
13232716733
13886180709
13607460888
13644470820
15094189520
13928853753
13939317906
18853920277
17699154066
13916398879
18520672722
13734717484
13087248349
13886180709
17702915132
18520672722
15820677821
13893712555
13751507703
13874612228
15937227131
13923120238
13921285768
17645785446
18686872396
13427673132
18938468308
13065495550
13686445878
13269258892
13953789980
17798075625
18982511799
13607977940
13752122422
13919795084
17798075625
13991355309
13919795084
13736481200
13087248349
18520672722
13999167303
13077668860
18991669177
15396208197
17798075625
17798075625
13146285475
13923780864
13824735121
13085815158
13826070903
13631097810
18879387928
15589363478
18879387928
13588697822
18879387928
13317619560
13435370559
18879387928
15859056012
18604766727
13505923407
13237017888
13509987075
13849889588
13809256269
13403786018
13727784444
15812361378
18676689630
18966730261
18978766898
18959354321
15637201390
18938468308
18978766898
13927123122
13065495550
18028618335
13822600809
13823012909
13326892831
15589328846
13822535595
18211310692
18634313123
13688871081
13828019590
13826070903
13423139537
18665465048
17660412566
13823519841
15170178936
13834671372
18997499830
15277160431
15897092960
13834671372
13535133612
13910803833
13701963577
18987106867
13701963577
13146285475
13630484881
18999232352
13853662809
13610086516
13486901490
18853920277
13889421319
13929654333
13701963577
18604766727
13095282498
13826060388
13794553288
13701963577
13822535595
17316585158
13677380881
13924434498
13707010805
18192630729
13755680728
13822230200
15773371679
15926333167
15001950574
13701963577
13187880812
13823519841
15863736773
13508389820
15859056012
13513587972
15057796616
18697159280
13928313212
13953667116
13416028989
13737412252
13126585938
15980682228
15692248830
13529085515
13163195398
18977810577
13924088063
15768155787
13830825533
13626465610
15360029375
13542338583
13833330988
15768155787
13924434498
13237017888
15768155787
18087417986
18973890091
13822230200
18773275883
15768155787
15360029375
18933378375
18973890091
15841293819
18195911333
13984121316
13999167303
15001950574
15589363478
13826060388
13927123122
13631097810
13707010805
13163195398
13833330988
18997499830
18192630729
13822230200
13610086516
13752122422
13849889588
15863736773
13626465610
15980682228
18676689630
15094189520
13755680728
13513587972
18988997858
13823519841
13809256269
13826070903
13535133612
18087417986
13830825533
18697159280
13828019590
13435370559
13929832810
13126585938
15637201390
13953667116
13427673132
13692483823
18059000917
18993748711
15863736773
15396208197
15859056012
13232716733
13065495550
15360029375
15973145848
13692334640
15989515335
13512952557
15360029375
15360029375
13692997286
15360029375
18922841591
13929832810
15360029375
18829690496
13794347612
18922841591
15094189520
15360029375
13677314687
13065495550
13119511960
13834671372
13622833668
18477198799
13832883916
13834671372
13502865129
13834671372
18676689630
13876564349
13435370559
15800516079
18192630729
15368089377
13826070903
15800516079
15897092960
18671397371
13386075579
18166105088
13428818838
15702097187
13691893893
13828019590
13828019590
13126585938
18676903131
13302376932
13302883991
13760758741
13427673132
18620194438
13413514731
13834592278
17639363678
13632952522
13998668700
13427673132
13888909871
13588697822
13928313212
15972546081
18038069388
15119888608
18736680285
13688803866
13516548833
15853559229
13923180842
13633838320
13964773994
13953389069
13500281633
13692518566
13580050578
15916262682
13692518566
15806663631
18666767791
18975011869
13692518566
18025931810
15396208197
13692518566
13065495550
13899989128
13826665309
13513587972
17396325717
13787010571
13755680728
13666067932
13639011927
13938808291
18022839620
13822230200
15806663631
13822230200
13692334640
15302200021
13760758741
13428818838
18676689630
13508389820
13755680728
13677380881
13513587972
18192630729
13928313212
13822600809
15863736773
15589328846
18022839620
13588697822
18028618335
15972546081
13826070903
18620194438
13806877755
13853662809
13929832810
13516548833
13435370559
13119511960
18671397371
15992189009
15094189520
13826665309
13691893893
13828019590
18993748711
13423139537
15396208197
17660412566
13065495550
15070150308
18975011869
13427673132
13126585938
13232716733
18676903131
13832883916
17316585158
15969890316
15702097187
13927072128
15350629177
17761313452
13692334640
13393031367
13834671372
13828019590
13939256611
18926314706
13899989128
15159510167
13653356218
15159510167
18671397371
18926694824
13856941588
15853559229
13603572890
13927313268
13632386600
13927072128
17665133452
13719196610
16605954319
15702097187
15539350555
13021606244
18505391234
13869569618
16605954319
16605954319
13603093180
15806663631
18853259606
15159510167
13523613650
13867006790
13455570875
18641758259
13887755320
15539350555
13480859893
15539350555
18636239935
13719876660
13289185000
13927072128
13908866217
13537948168
15584315334
13606581156
13508389820
13659360913
18922482583
15821380351
13065495550
15535150555
13926091606
13530355503
13294940568
13951619727
18923277101
13185004357
13513587972
15976503487
18973338244
13956467995
13322899129
13892857543
13822662855
15187124624
15064802187
13500050202
13902369905
13707886126
18087878483
13897129195
13435370559
13679583252
13822535595
13923681448
13651664624
13632952522
18213570126
13085815158
13937023357
15702097187
13651664624
15153372139
15505366332
18690270993
15153372139
18553628628
13887367190
15041455568
13556013647
13302605898
15201789002
13652282806
15813983456
13889421319
13501528299
13961220136
13305326777
13809688063
13926091606
13600452326
18975011869
13068686390
13953789980
15550563888
18689475009
13651664624
75523238333
13829896188
15015041410
18928543373
18923599332
13822535595
18561916810
13650814489
15926318383
13929998985
13790202002
18988525008
13588697822
13905073687
18017738887
13572218500
18612587224
18612587224
13173258880
18028618335
13760725015
13534538273
15966916633
13816699075
13412349628
13668681193
13938522225
18022217233
13126585938
13699111696
13929832810
15841293819
15079622268
13984121316
13173258880
18588823628
13532807789
18192630729
13929200651
15840635799
13987347077
13126585938
15839613299
13691136244
13582283808
13969665710
18022217233
13954484555
18678427003
13929200651
13988828011
15219799001
13816573163
13119511960
13317619560
13809200799
18071658863
15519865222
13929200651
13911675680
13691893893
17708436395
13186779009
15935934707
13005922968
13918036168
18990700909
13232716733
18990700909
13804430823
15074986626
15801520989
13427673132
18018888241
18990700909
18990700909
13806877755
13186779009
18742946652
13987410047
17708436395
18990700909
13921279090
13714267341
13781856625
13927072128
13095282498
13794347612
13588697822
13951619727
75523238333
13537948168
13532807789
13918036168
13954484555
18604766727
13508389820
13698796957
13984121316
13953389069
13923681448
13544702558
15653197556
13065495550
13480859893
15187124624
18990700909
18192630729
13639011927
13734717484
18993748711
18697159280
13822230200
13278796663
13801688032
13928313212
13691893893
13513587972
13853662809
13572218500
13427673132
15973145848
13455570875
13967913866
18195911333
13929832810
18028618335
13828019590
13126585938
13929654333
15913398091
13119511960
15219799001
18071658863
13435370559
13232716733
13822535595
13927072128
13017653165
13873144595
18107427385
18028618335
13302215785
18990700909
13941688939
18990700909
18990700909
13186779009
13927072128
15071485372
13927072128
13319524595
13378758390
75523238333
13941688939
13068686390
13435370559
13806877755
13294647235
13917769970
15927518149
13927072128
13017653165
13828018693
13533216442
13941688939
13708388183
13670301491
13182863865
13859872112
18994777337
13602261748
15630872894
18022217233
18620206525
18295911895
13537948168
18669083915
13676104271
13683998818
13751834836
13820771913
15112187484
13432386288
18718823799
13926045535
18975011869
13637487408
18926314706
18926314706
17776050067
18022217233
15171206902
15887080535
13508724190
18928118655
13728500750
13911675680
13600362832
18201691960
13934625986
13999735802
15602939181
13152902209
18676903131
15908985922
15037067278
13507766229
15003862677
15072287267
13639011927
13146821588
13706378919
13318282993
18863126587
18977990035
13796600295
13928888788
13706378919
18863126587
13988703886
13636412340
13706378919
13503052728
13706378919
13861276027
15541162535
15215888597
13961250346
13706378919
15016422228
13706378919
15726338288
13620420158
18601616671
18923599332
13691413524
13992662811
13992662811
13522277222
15293535577
13832883916
13928888788
13580804730
18923221859
15941181301
13522277222
13888835530
15919820519
13817131347
13232716733
13312648956
13503052728
18687306576
15360622178
13755680728
13692224012
13610000489
13369962133
13822230200
18688922208
13305326777
18189850511
13929654333
18973890091
13826665309
13513587972
15806663631
13065495550
13630484881
13182863865
13719196610
13755680728
13620420158
13580804730
15841293819
13065495550
13822230200
13809200799
13305326777
18028618335
13503052728
13801688032
13692334640
13889421319
18923277101
13826070903
13312648956
13826070903
18923599332
18973890091
13513587972
18975011869
15927518149
13822600809
13537948168
13828019590
13692224012
13806877755
13639011927
13435370559
13826665309
15071485372
13929654333
13822535595
15016422228
15112187484
18688922208
13923681448
18671397371
13126585938
13427673132
18676903131
13232716733
13736481200
13832883916
18687306576
13706378919
18950007576
18621262706
13841077347
13863688010
15254511527
13076281181
18839905665
15999196705
13671087860
13018672775
13854428430
13575368898
18839905665
13189870919
18972366868
13481228950
18393230258
18172656206
13199935825
13502286296
13932667895
13189870919
13643084739
13025933365
13777273344
13599501071
13906275387
13798236198
13613825672
13553632362
13859502576
13330069869
18972366868
13775886813
13691413524
13481228950
13887075448
13706378919
13823066820
18078052350
13402022539
13923034158
15621682955
13711026868
13809688063
13947180928
13793397605
13891732782
13352806506
15621682955
13928888788
18376708808
13927125906
18999892000
13709401678
13679583252
13852003398
13501528299
13709401678
13978831855
13262303079
13822662855
13677380881
18682051905
15905364510
18689475009
13069652629
15960696156
13705202570
15057796616
13822618066
13905200601
13352803195
13794347612
13537600922
13926273377
13312982763
13556013647
13718327169
13927125906
13795990798
13516548833
15015041410
13144493133
15800291506
13902369905
13852003398
13822618066
13734717484
13692610136
13809688063
18970817601
13804260163
18923599332
15960696156
18026254428
13917638762
15973145848
13929654333
15813983456
75523238333
13420439428
13502304596
13305326777
15625875796
15254511527
13951619727
18038888299
13920654880
13232716733
13588697822
13932667895
13601057040
13873150146
13905059335
13706378919
18129349875
13189870919
13706378919
15230808276
75566858233
18679726777
13883014785
15139913057
13922778271
15969890316
17709977512
15989546628
15056444541
13838169674
13298858289
18945251741
18787705288
18945251741
13574200931
15839871551
13928782569
18003951666
13693355671
13688988825
13864696978
18242305442
18998554627
13821162852
13973288674
15946004394
13002289596
13632372338
13427289484
13826711866
13728220811
13909339156
13928888788
13973288674
13377181060
18991669177
13918036168
13553878222
13332633223
15205466066
18918327739
18918327739
13936700779
15260367162
13582352338
13628204503
13628204503
13484816374
13705223866
13399315016
15857330093
13978831855
13132507806
13705223866
13232886636
15565062971
13984458136
13933018338
13793397605
15873935822
13888330501
13793397605
13140160611
13887345926
13638876676
15946592903
15188680771
13707318801
13378284352
15773359682
15773359682
18845437651
15773359682
13784658765
13189168880
15773359682
13613782491
13977705230
17731091838
18234669789
13705223866
13600338060
13705223866
13659309969
13987125520
13509237881
13609710808
13534817875
18899506551
13802548539
75566858233
18998263034
18368852008
13580663055
13580663055
15865538862
18899506551
18899506551
13971761616
18746375727
13580663055
13560904555
13588697822
13588697822
13416028989
13597669101
13237733339
18923292145
13237733339
13908765445
18045619693
13237733339
13509237881
13888651001
18507723685
18907711799
18703530600
13707318801
18232390335
18703530600
13607484656
18703530600
15133671211
13607484656
13611307910
13808355746
18938468308
13692610136
13940318757
18647992762
13645890667
13924434498
13077404858
13702674488
13423823777
13092736698
13092736698
13964581138
18269208926
13092736698
13887689063
13539326355
17839376867
15815303789
13642612001
18972366868
13936954366
13642612001
13930234804
13980349263
13867593730
13906936725
13923797600
18594049874
15667916200
13008920066
15552555699
18620013562
13927072128
13818863715
13992662811
13835070161
13336230955
13709621106
13790999333
17759990005
15603001398
15923245413
18984555196
13353908123
15923245413
13870950321
13589377212
13589377212
13589377212
13315010288
13589377212
13589377212
13569998608
13589377212
13589377212
13589377212
13577688517
13642612001
13589377212
13692845284
13986771815
13642612001
15152161289
13589377212
13831582904
18903068028
13235665473
18837251013
13882581081
13053699321
13546811121
13822618066
13432159075
13987424538
13856941588
13709401678
13053949561
13692845284
13501528299
13867593730
13788226822
13692845284
13527991127
13053699321
13889421319
15153372139
13432159075
13929832810
18088489654
15823055155
18927522605
13980570149
13887075448
13608083931
18928548746
13702275415
13646600037
18863676333
15515218969
13053949561
13663859503
13822600809
13887075448
15926333167
13905761617
13069652629
13504353001
13920654880
18620050488
15153372139
13951619727
15071485372
15153372139
18578214773
13523456636
18927522605
15625875796
17686171669
13588697822
13809688063
15973145848
13822600809
13194114018
13831582904
13703853359
13830604321
15800291506
13556013647
13305326777
13788226822
13302605898
15015041410
13760758741
13068086672
18998695309
13751517788
13751517788
18563123025
18978121133
13798282799
13621997822
15336463805
15979058026
13604211933
18606620175
18701170210
13713904899
13589305578
13377676119
13632952522
18839905665
13887345926
18909338828
18980866223
13702674488
18922566820
15815024401
18606620175
13523456636
13988071357
13988071357
13946370213
13793274919
13793274919
15826995978
13793274919
13793274919
13793274919
13620573212
18687306576
13793274919
13831582904
13620573212
13977248490
15826995978
15931197768
13474220018
18926314706
15360622178
15529659663
13993818618
13988071357
18775417981
13888213856
13988071357
15029230708
13808822538
18980866223
13377743040
13632606855
13377743040
15029230708
15953538077
18903068028
13798539032
13728393339
13386757722
18300054851
13389888606
13897129195
13389888606
13037652079
13559138012
13933317658
18615556891
15031786818
15031786818
13878389769
18758368016
15031786818
15095091768
13974848302
13587981109
13887856269
15671265475
13317619560
13609607298
13630194687
13413611992
13953789980
15762262721
18708875716
13856941588
13873150146
13308893752
18989793939
13882357985
13380165850
18985633768
18368852008
13806996359
13632606855
18101695889
13938808291
13938808291
15153192995
15315476165
13308893752
18029700025
13823790098
18950745531
18150860118
13575293357
13864178521
13974828163
15108720949
13705885110
18999892000
13646600037
13210787899
15393243395
13807140402
13834671372
13609633921
15308956091
15835495721
13072748681
13072748681
13555169844
13072748681
18898578805
13794347612
13294940568
13872878482
18636621302
13903417687
17739520177
18978547026
13953254602
13794347612
18903068028
13978831855
13999167303
15013611236
13709401678
13432159075
15515218969
13692610136
18026254428
13501528299
13527991127
13713433700
18927522605
13501528299
15148068377
15531399257
17686171669
13951619727
13978831855
17676501444
13432159075
13602833035
15013611236
13305326777
15973145848
13929832810
13822600809
13556013647
18026254428
13920654880
18578214773
13834671372
15015041410
13822618066
13068086672
13588697822
13232716733
13977257812
15668975121
13488325070
13063628870
13872794946
13887075448
15756266520
13872794946
13872794946
15987395456
13828207019
18996129781
18869454221
13872794946
13699622929
15668078659
13087202188
13872794946
13982463033
13872794946
13872794946
13315010288
13872794946
15075168301
13468750475
13468750475
18671192525
13702930882
13729100934
18218862618
13600289858
13546811121
13660713502
15668078659
15362446417
13559163915
13872794946
13887075448
13481224130
18389147379
13827500109
15382980333
13872794946
13315010288
15987729552
13503076785
13592673875
13808886451
17507593905
18099227000
13432682050
15119663999
13925086645
13561055299
15754506987
18900997666
15509930680
13812307625
13988903123
13315010288
18938468308
15906034835
13957106925
15812361378
13727760434
13601783895
18654600066
13826383412
13665928444
15869396529
13878326899
15288177079
13192561809
15054402552
18222252068
13192561809
13753186239
15031881797
18661753372
15987729552
15031881797
13827850446
13368178729
13882034770
13969680203
13602448369
13965426964
15912385811
18222252068
15987792786
13597669101
13826872013
18641220350
13978218392
13597259013
18381120354
15514736950
18922841591
18678525177
13802748881
18601232118
15187339001
13974848302
13638151515
15864323300
15099276867
18927960066
15174910141
13711012990
18304799300
13961220136
18622207772
18304799300
13632386600
17388151063
18853259606
13034501597
13505362697
15031881797
13542173168
18970817601
13294940568
15309132508
13533324383
15308956091
18087771516
13581385273
15515810069
13186779009
18928548746
13604211933
13999167303
13568058993
13920654880
18616655181
13620420158
13646600037
13680968844
13069652629
13978831855
13905761617
18927522605
18204886988
13822600809
13432159075
13210876682
13069652629
13302605898
13568058993
18691639155
13938808291
13556013647
13206396377
15973145848
13951619727
13822600809
15015041410
15800291506
18927522605
18999892000
13420439428
13305326777
18616655181
13804260163
13144493133
13834671372
13788226822
18026254428
13068686390
13620420158
18038888299
13588697822
13920654880
13502304596
15161180972
15862191171
13581385273
13609231449
13662710843
13711640900
18318107870
15157691322
13702622295
18620684442
13583278590
13790069101
13702772035
13702772035
13698166230
13908846559
13517677799
15055573778
15668074050
13653000538
13583278590
13692815626
18318176971
18690223118
13887340717
13802745788
15889883276
13802745788
13951799357
13559138012
15332339238
13829883337
13901869192
15275269628
13623810667
13790421650
18236843868
13757012345
13189339117
13692518566
13692518566
13588553775
13692518566
15819650996
13757012345
13988998692
18577926686
13801741933
13702220711
13169793600
13907379636
13901869192
13692518566
13841515760
13794997165
13794997165
17083157053
13945949388
13798316443
13713903393
13841515760
13601783895
15988995790
18676945021
15668078659
13413665935
13939993711
18990502067
18926161562
13413665935
13727727388
13413665935
13727727388
13305326777
13727727388
13377219219
13829883337
13727727388
13506145186
13727727388
13610099540
13829883337
13829883337
13727727388
13033330320
13810176323
13427000033
13727727388
13713903393
13793274919
18641163285
13988998692
13902641083
13085136822
13713903393
13427000033
15837109845
13601652294
13902641083
15816097195
13905761617
18520060773
13793274919
13418497381
13750310803
13891130099
13953897668
18252837006
13713903393
18783387183
13979996671
13793274919
18997499830
13841515760
13984139219
18999619769
13942230772
13816065440
13517554388
15031881797
18918092938
13867593730
15253156718
13693355671
13833556976
18972366868
13608083931
13867593730
13869229253
18152024272
13517554388
13869229253
13869229253
18918092938
13917582654
18930891491
13367632828
15336166153
13919386185
15683107283
13839160599
13942230772
15012536310
18673030909
13282179228
13919386185
15245127153
15161180972
13729719795
13096522008
15336166153
13553903199
13942230772
13632699909
13905784990
18024336772
15091261565
15336166153
15336166153
13903766396
13808953215
13839025733
13622791668
13719876660
13356635396
13611612457
13420439428
13318282993
18929735183
13553903199
13750400753
13829896188
13508729586
13937023357
13781300500
13923784293
13938550330
13069652629
13714388472
13680629888
18615556891
13413670866
13542602562
15973145848
18999892000
13692224012
13963285668
13974848302
13891130099
13951619727
15800291506
18150860118
13999245122
13920654880
13905761617
18999232352
13997906236
18026254428
13703853359
15015041410
13305326777
13822600809
13804260163
13119511960
18927522605
18038888299
15992189009
13502304596
13837982228
13392874522
13657107288
13152902209
13883777897
13950301853
13840941310
15071199711
13575368898
13729579022
15645217777
13998766823
15287553944
13791651321
13018938910
13250396687
13392874522
15944384222
15231718001
15231718001
13324722668
18028388979
15877334099
13413670866
18693818880
13708800637
13728290895
13923032561
15140074185
13521516518
15915829190
13415393750
13420899991
13507389348
13037978825
15863290576
13803706836
18068615866
13923032561
13823199485
18922841591
18776185588
13769102158
15816041456
15945999936
13944087622
15061755551
13802802113
13398615726
13398615726
13398615726
13398615726
13572855306
18922538667
13398615726
15307698088
13607484656
13379139809
15016949494
18815365108
13853206857
18057725700
15122357755
13674068770
13577582853
18815365108
13878107896
13632386600
18535773322
13543016402
13608879999
13913873259
13144229708
18057725700
13829287348
13922599810
18057725700
15920091069
13668715035
15920561663
13313121287
13729602388
18704026488
13829287348
13934243378
13063628870
13509290688
17863916718
18028264393
13144229708
18318958628
13728220811
18316612610
13878178100
13829287348
13608822982
18058579818
18525173617
18058579818
13544552153
18058579818
13829287348
13860140892
15037112152
13733858749
15626477408
13882232432
13356635396
13905784990
13768239583
13822297771
13862443171
18703530600
17857256897
13011372123
13598718286
13592378199
18181243332
13007990555
18058579818
15943013543
13545450815
13867300924
15164984099
13588795571
13664906577
13719552468
13606600509
13592378199
13828612130
13642005400
13829287348
15049232247
13978182771
13951664434
13514246161
13662993232
13662993232
13941261106
13733698999
15878805713
13969680203
13662993232
13969680203
13828249400
13828249400
13331758082
18066464777
18988428405
15005438002
18638225891
13684919722
13707402221
13801967355
13162289803
18066464777
15973270798
13503797595
13764098636
13308739327
13432153628
13928169216
13305303968
15738550315
13988095817
18189685987
18189685987
18189685987
18189685987
18189685987
18189685987
13931008076
15070581987
13890002911
13711763883
18607500395
13007315009
13794208438
13176446803
18993429955
18189685987
13726246150
13688917128
18909532683
13520762999
18189685987
18189685987
15968032265
13153011333
13941874734
13570215971
19903881777
18682053020
13570215971
18625331088
15819133987
15975079537
18239555666
13864830399
18842836898
13032212626
13709863424
13831220958
13560243411
13606781331
13078331978
13715258833
13078331978
18026254428
13944087622
13078331978
18629415836
13078331978
13530501988
13944087622
18776773599
18930891491
13799073560
13875071594
17052657770
13015720649
13982901401
15322932281
15004673670
18992566355
13577448372
13136878366
13607484656
13971476567
15909601225
13261619787
13710919868
13703798675
13805893692
18453582008
13393223978
15816269911
13592830894
13601365985
13601365985
13847512756
18924683268
13083646039
13429619410
18091185512
13935154195
13935154195
13935154195
15864323300
18666000110
13646600037
13567849472
13929512110
18666000110
13952228257
13931591401
15366565398
13834505199
13940998552
13954026299
13940998552
13954026299
13009082576
15066704296
13954026299
13954026299
15913158922
13501715955
13432931081
13818828359
13906489481
13911188433
13504353001
15913376686
18179278947
18942402834
13754964898
13504353001
15931699039
13711277308
13609011492
15315058067
17693555638
13708704507
15315058067
13706667378
15308956091
13600002001
18675790830
13377443108
15362446417
13129362177
13126039399
13500208011
13902962188
13871719400
13606418077
15959664354
13589543848
13437574402
18778588268
13561055299
13817553166
13888858321
13777292895
13816563009
13523055669
13650877210
13922257114
13373490220
13964237423
13523055669
18690270993
15642857999
15642857999
13931799158
13827142515
13501528299
13503001925
13019995625
13808808443
13987100158
17772231250
13341495002
13356522206
13692845284
13692845284
15327420369
13607811751
18368806287
18560619008
13988826959
13814444228
13845393200
13909551682
15362446417
13531313255
15141030337
18931863702
18931863702
18931863702
13903732319
18931863702
18736517876
13650877210
 null
13768986950
15602939181
13501963510
13588697822
13780291659
13397866090
13856941588
13887588587
13197502635
18553628628
13604211933
13035593797
13989391209
18931863702
13908847718
18999892000
13575273436
18917855877
13544552153
17778209989
15550723232
15550723232
13871916676
13808875968
18620483373
18802239287
13999161012
19979821363
13642643302
15827298447
18680541629
15348880816
17763137777
13538638880
13660970981
13997906236
13724061010
13961661620
15930173209
13034501597
15887278833
18187007980
13877483822
13005952582
13923395372
15550723232
15928515808
18553628628
17763137777
15936008888
13724061010
18917855877
18008205054
18917855877
13927915660
13380808708
13500059505
13304718700
13691282060
18913869391
18183563358
13500059505
13878960608
15987788115
13609607298
13500059505
13686642877
13500059505
17645785446
13500059505
15668259688
13500059505
13500059505
13412507333
13500059505
18665595223
13500059505
13988609291
15140077719
13500059505
13823001134
15027560163
19933393998
15027560163
13500707245
13686642877
18229774377
19933393998
18553628628
13686642877
13529225868
18990365033
18022217233
13187440803
13917176012
18022217233
13560724325
13570400905
13887340717
18022217233
15128220313
13874738859
15007740370
15165618833
13537332299
13309136677
13197540888
13825620829
15347118280
13887340717
13121210987
18111386275
18690270993
18038942905
13602360878
13356726573
18038942905
18256513957
15327420369
13232000966
15327420369
17783455615
13979870704
15925170528
18696556445
13215022266
18665595223
13831002604
18923599332
18986059580
13686642877
13887340717
13988838166
15353682502
13902877743
15878341966
15668259688
18924053083
15820849192
15961759949
15878341966
13373490220
15925160058
13682621133
15897092960
13955473636
18931863702
13261319751
15236666189
15878341966
15668259688
17688501089
15908985922
15811597319
15855442466
13940509374
15878341966
13908785955
13930266699
18019725206
13699895004
13503995968
13330531143
13187987452
18126611838
13373116208
13622289710
13686642877
15855442466
15816827935
13686642877
13943526565
13761606772
13665520932
18571522253
13662694935
13768130670
15273737323
18923374669
13863127408
13517677799
15873981301
13651860724
13733858749
18595863738
18986059580
15878341966
18321665324
13609781716
13312982763
13517677799
13314890714
13907791880
18595863738
15878341966
13785541008
18011739943
13600095858
15236666189
15826551520
13657889989
13686642877
13925570838
13686144330
18982736086
13978420814
13116953179
15961759949
15893284799
15585246688
18022997877
13958815133
13907386106
15926410910
13556870721
13907386106
13116998878
13099962736
13073107553
15589713878
15812311199
13500179944
13907386106
13500179944
13792563757
17351050155
13828666687
15625288993
13500179944
13873320445
13907313212
13586010146
13500179944
17731091838
13987236215
13662319303
18973030959
13232000966
13751774488
13210787899
13500179944
13500179944
13705202570
13897302356
13232000966
13907386106
15013611236
13888519459
13294940568
15016350942
15975634567
13613081795
15340888809
15957828929
15566762523
13536911576
13728747786
13500707245
15079011483
13809266628
13922616496
18321665324
13902859065
18682051905
13534473393
17737956187
18378816099
13993909606
15578839025
13420526181
13888353656
15121297312
15577999992
18861662244
18902610688
15121297312
15913926111
18420339780
18907811088
13802259525
15509930680
18861662244
15165618833
18677400705
13826711866
15925170528
13518522276
13902859065
18999892000
18611083052
13518522276
13507178690
15931081216
13669538828
15989970873
13515666636
18357359009
15526080718
15299579465
13780602665
13686642877
13909339156
18009170867
18844381866
13903209627
18627793556
13927362256
13232000966
13403914354
13993909606
13918099924
18190589590
17667587805
15348880816
13326793765
18408875007
18902610688
18273907391
13802619168
13602360878
18986059580
13026132229
13907386106
13705202570
13888651001
13904266058
13905073687
13602597999
13691893893
18931863702
13686642877
18812360001
13166859977
13885128600
13974848302
13916356007
13232000966
15096415581
18953690807
15869997286
13719876660
13973695907
13839000951
15989067587
13022018761
18561916810
13914056990
15897092960
13978968308
13413881940
13580663055
13150756995
13671935370
15918380007
18820916104
13542275809
13638744642
13790041188
13709621106
13705202570
15027560163
17508454311
15831418257
13343424126
13662368811
13602836290
15027560163
15920066811
15916613987
13929651888
13602956840
13975145863
15089482578
17727172150
13073107553
13999992088
15925227805
15920142920
13622922988
18661454312
18613757717
13591780589
13905918990
18039400005
13999580103
13700601853
18953282327
13857076726
13976128751
13580509238
18088836022
13427592025
13999678318
13686642877
15003345502
15902966887
18998819778
15111505009
13823255836
18972366868
13987854823
15130615303
18960571970
17688880386
15172579988
18732657667
13955099787
13834539948
13899989128
13917638762
18904209755
13927123122
18150860118
18740195255
18636816744
15579000132
18574649316
13788012101
18927522605
15112781869
13610263216
13420439428
13502463323
13325665528
13607340377
18825333119
13631253725
13553364504
15847158806
13550165471
18951081284
15911302172
18953282327
13802713278
15071485372
13505923407
18863689566
15297360498
15917793672
18313815176
18620050488
15919274448
13508862837
15847158806
13432718829
13537774032
13807844268
18972366868
18765799079
13450044492
13705202570
13928888788
15977446077
13222666887
15847158806
13376510788
13576772331
13835217800
15005006277
15148068377
13914707928
13668681193
13095209938
13708631665
15297360498
15847158806
15005006277
13840065495
13917638762
13728747786
13926101060
18987106867
13847690555
18595863738
13050952456
13903417687
13824829527
13517646881
15944508610
15005006277
13942945552
18620194438
15066305448
13933443377
13917638762
15979930818
18952011665
13987161996
18376708808
13658829276
13356516580
15969295557
15108972728
17720075239
13119811388
15113094466
18993060718
13577041542
18742522694
13960702661
15847158806
15096589199
18636621302
15869267840
13737762098
13392324333
13705202570
13735392827
13643577213
15847158806
13070855069
13372157385
15016350942
18825386279
13062502091
13622035486
18666369613
18124810178
18972366868
15847158806
18511907587
15579000132
13050952456
15625288993
16675915093
18877388282
13927997568
13931132038
13953322282
15091261565
13070855069
13678771653
17620185211
17645785446
15822782388
15847158806
13631097810
14722016685
18698574569
13050952456
13062502091
15091261565
15598023852
17362130516
13070855069
18922866770
15327420369
13909103972
18922123259
13875839829
18571522253
13916091505
15579000132
13860787958
18033972281
13533098077
18930597932
15973145848
13884863097
18022839620
18588972229
15925212694
13692224012
18087878483
18098209997
15005006277
18177200893
13104690803
13929651888
15079971919
13062502091
13678531588
13210053366
15353889899
15087301368
18371218852
15049316659
13773269597
13600690345
15226380220
15579000132
13377442177
13944649955
18408875007
15805716288
13977497166
13432716244
15931197768
18889535166
13735392827
15019195115
18647125168
18787799626
18844381866
18663635617
13650932288
13508783839
13944649955
13571003101
13610478963
13284134213
15340888809
18055353967
15246916800
18970817601
13801511181
15204198360
15368198067
13829892232
18408875007
13018672775
13914707928
13991936964
13156091726
13687878941
18038942905
13517813025
18739999393
13692610136
13944649955
13802619168
13856941588
13729108584
13601889100
18192630729
13964112626
15602807828
18038888299
13822142215
13897129195
13903732319
15079011483
18691639155
13868920588
18765799079
13076777786
13944649955
13602635217
18924660027
13662208733
18753521024
13669538828
13926232221
13610313814
13602956840
13839000951
13612839407
15875350006
15875350006
18641194976
13393642137
15709373298
15639197093
13388776859
15815381360
15015041410
15007727018
18986570001
13516727720
15579000132
13528223393
13884863097
18917855877
13226616344
13206396377
13318881380
13807729065
13754805699
18685124779
13702772883
18802096363
15016350942
13565996680
15578839025
15063888880
14740567788
15874622533
15303292611
13715610055
18253283259
15907773538
13840175800
13903417687
15800207385
18627186303
15895320555
18997499830
13705492700
18170811586
17895315560
15640351110
13871092308
13701963577
13830604321
13556013647
13589268995
15005006277
13905763982
15195388809
13987716826
18928547260
18970817601
15579000132
15550563888
15926318383
18620194438
15005006277
15617077355
18953282327
18925129681
13302215785
18927254656
13808462613
13033388665
13692224012
13053317282
17763578371
13901871053
15915771499
13888537378
18616350779
13602525835
15017907345
13543910828
13824242304
18627109340
13811338605
13768043159
13954484555
13036793798
15219133778
15113799188
13840175800
13713690281
13917580884
13822618066
15091261565
18673118978
13612020587
13824975771
13580422739
13802226765
15699338186
18616350779
13996353388
18977120001
15147215828
13727803640
15539230562
13971476567
13530161228
13602956840
13687627373
13702781629
18087417986
13315994887
17362130516
13052456612
18863676333
15822782388
15353484848
13332633223
13790192522
15339036585
18610598033
13510946774
13507731310
13306866589
13510265065
15396208197
15991643203
13978315185
13788226822
13895002311
13621264498
13840175800
13197540888
13206396377
13308658995
18666958405
18239563339
13878309308
13729579022
15938504853
13651367789
17676501444
18357359009
15005006277
18822839123
13637487408
18621805851
17777161608
13951619727
13505923407
13005812188
13884863097
13973543871
13238402199
15887826645
15153372139
13622390905
13926091606
15253253222
18192630729
15049273855
13612096116
15005006277
15721555318
13973056165
18023881439
15305320608
13929832810
15960696156
13232716733
13802468181
13840175800
13905073687
13815568825
15091261565
13602956840
18601232118
18807107553
15806663631
15999536879
13661137086
13553967221
15005006277
18059000917
18975011869
15841293819
13705223866
18616350779
18743025878
13636412340
13879203868
18972366868
13052456612
18957412137
18926486786
13931878952
13884863097
13977116529
13888328589
13302605898
13662598166
18503911165
13971818885
13621264498
18111386275
15813124303
13929651888
13325620168
15975681292
18923599332
15539230562
13669235560
13905763982
13729060880
13927923339
13554724873
13963906085
13393642137
13206396377
13884863097
13378729786
13529717311
13620420158
13662865227
13510265065
13588697822
13904443445
13603574222
13812307625
13822278326
18938877029
13611612457
15818780675
13750400753
18676903131
13068866549
15049273855
15774049929
13822600809
13399853932
13650771912
13822618066
15079622268
15720668237
15937177754
13928888788
15218276494
17686171669
13809200799
13637487408
13961220136
18822839123
13052456612
15960696156
15327420369
13932128875
15016350942
13206396377
18571522253
13538385597
13393642137
15273995813
18033972281
13750400753
13788226822
13809684936
18999232352
18798133385
13053699321
13352803195
13608806276
15074927585
13926273377
13802619168
15960696156
13052456612
13788226822
13926091606
13951619727
13187440803
15112781869
15818780675
13077668860
13701992606
18993181176
13873995508
15016350942
15980682228
13691689588
13662598166
15920250983
13600452326
13651664624
15805716288
13537600922
13808822538
13650771912
18204886988
15887023925
13888388656
15159539115
18627619110
18973890091
13538385597
15653302346
18697159280
17895315560
13812307625
13636412340
17807310741
13925415254
13702287568
13822618066
13650814489
13879203868
18682925661
13053699321
13600261601
13420439428
18024862228
13926091606
13332633223
18993181176
18927632067
13940984828
15869953750
13431014996
13517646881
13928313212
13790510205
13600452326
18022997877
13824829527
13788136630
13530085057
13450044492
13560592129
13388776859
13508389820
18565578906
13650814489
15640351110
13476835821
13633277577
18928547260
18928543373
13917638762
15972546081
13651664624
18636621302
18787799626
15200426168
13971777006
13802619168
17895315560
18168509899
13571874277
18087417986
15980756768
13427080599
15112781869
18033972281
13884863097
13843142408
15165618833
13927123122
13668053077
13337398808
13736481200
13888670375
13906061076
13068686390
18818970891
13826070903
13826070903
13727803640
13823255836
15041455568
13869659134
13610380011
15070150308
15340888809
13268638650
18917855877
18316736968
15131868555
13187440803
13826187623
13095209938
15692206295
13870956233
18978547026
13210787899
13961220136
18004529655
15094189520
15001950574
13808722748
15925212694
13356428426
18805321383
18966730261
13963285668
15918658439
15266315895
13419540636
15394881022
13926273377
15153372139
15111655533
13840175800
15066305448
13600009460
18923599332
15915059309
15895320555
15902383787
13874609802
13788226822
15218647719
13320771149
13609633921
13063628870
13610086516
18927522605
15530350895
15647281203
15811818378
18843182152
13672906154
18844381866
13537600922
13932128875
13535287122
13532731608
13951619727
13663394335
18265298496
15711377288
13237237006
13003888876
13332633223
13991381904
15811758280
15539350555
13532580699
13770301201
13543742649
13556870721
13720106720
18740273693
15070150308
15800291506
18011739943
18024862228
13106619807
13034501597
13221288161
15113799188
13808722748
18923599332
13650814489
13631802073
13687878941
13516611938
13513587972
13337391888
13152588282
18928548746
13698796957
13702611701
15917793672
15813826123
13592055403
13633277577
13969956835
18917855877
13377178763
13058133997
15800246892
13630484881
18171422817
13232716733
13420439428
15327420369
13668053077
13940140646
13788226822
18569080705
13908847718
13879203868
15805716288
13751298921
13822312089
18868793393
17171682257
13510548010
15539230562
13356572900
15926333167
17722667933
18999232352
13053317282
13874609802
13580665936
18787799626
13817302398
13602931204
13297019369
18561916810
15972546081
13888670375
18676945021
15931197768
13660302390
13760882184
13517391573
13532118992
15863736773
13063628870
13828019590
15637201390
15165618833
15094189520
13613030060
13788136630
13701992606
13662598166
19937922977
13417644333
13940984828
15925212694
13883295647
17639363678
18026254428
18923599332
18204886988
15394881022
13928737716
13923681448
13510946774
13388776859
13192020866
13824829527
18928543163
15813826123
18927522605
15811713300
13210787899
13928313212
15322508716
18577969252
15148068377
18917855877
13034501597
13650814489
13568078905
15071485372
13834671372
13356572900
13926273377
13905073687
13232716733
13610086516
13826070903
13755680728
13961220136
17171682257
13455570875
15978039780
13587781823
13593131153
13877270201
15972546081
15980756768
18999232352
18697159280
13916356007
13929654333
13892859210
13560578137
18818970891
13297019369
18004529655
18928543373
18671397371
18028618335
18273907391
18018553301
17316585158
13832883916
13769457188
13517834724
13908703372
13501292531
13906919777
13579866961
13579866961
13579866961
13579866961
15550677177
13793397605
13326784911
13415465472
13607029227
13670054495
15812361378
13819490898
18522705667
13943086301
18266487901
13819490898
13752588226
13669714905
18656053230
18765569009
13602948918
13922297928
15085437626
18091851680
13902451844
13688986960
18453582008
13470042160
13672892214
13336333226
18500517045
18091851680
13778637520
13720926789
13848505802
13713219196
17088747032
13013048817
18656053230
13528223393
13651122567
15963670079
18633790112
13899989128
13725801967
17839376867
18726555765
18523176512
13517827277
13291567776
13940998552
15893844040
13669770082
18911054590
18670667723
15096849953
18918223929
13907976000
15016175069
13772191958
13919814379
13919814379
15972875679
15260367162
13906881105
18188185164
15011949198
15040009192
13700261988
13957015504
13780153123
15056444541
13613030060
13844597917
13544552153
15615626123
13901770910
18993161978
18924407070
13502711313
18620951710
15026503675
13913957314
13180438188
13180438188
13339760080
13918064441
13762870295
13762870295
13762870295
13949015957
13484419815
18545322218
15887816132
13402566570
15632466656
13837998020
18669086976
15387009919
13504412627
13801680597
18691119555
15969151111
13753933575
18656053230
18690270993
18982542043
18656053230
13806669452
13627792673
13938249841
13932977827
18257722619
15902705567
13503087846
15353381858
13427505894
13379850663
13040603784
18988997858
13888504527
18790266096
18020712319
18869454221
18077722135
15139913057
13598555633
13822600809
13598555633
15017549616
13660392101
13907057858
13210787899
13598628334
13556163138
13792563757
13791651321
13135277641
13135277641
13794770266
13821131804
17777161608
18633636801
18633636801
13668794091
13802285121
13802285121
13802285121
15362446417
13577086117
13066321207
15370586555
15370586555
13053317282
13757169081
15989067587
18760382510
18640509609
13869229253
13908875602
13824242304
13572226035
13333268863
13333268863
15016762020
13686642877
18098881691
13816740803
13319761836
13957706767
13810606799
15929708853
13486563730
13413817817
13940998552
13699622929
13686642877
15299900091
13646027935
13708050799
13728393339
15085462759
13826187623
13826187623
13977217337
13654878680
13924424756
13698653857
13926951588
13030333330
13924595382
13822739128
15603839050
18896307850
13582007612
18469356836
13842395846
15025822829
15002050856
15911178716
13711484223
13621264498
18642817243
18266487901
13902855239
13697499771
13517827277
15807741232
13698166230
13902907301
18900997666
13424939518
13919027436
13509110499
15933819804
13580607233
18934059395
15552230518
13544989713
13544989713
13885360236
13899571333
18690270993
18469356836
13544062670
13970028505
13970028505
13324854264
13324854264
17898968995
13963154789
13636895614
13670179298
13376634639
13688666761
13728656111
15296616077
15087757817
19935366599
13902657181
18563843002
18563843002
13639662684
15209371896
17703397556
13761907600
15057658280
17817178039
13812791096
13930470157
13941874734
13067706087
13701170650
18177793877
13984057439
13668681193
17508998591
13893263625
13893263625
13609795791
17508998591
17508998591
75566858233
17508998591
13456276967
13571032299
18907938091
13902971619
13824242304
13822664839
15266123450
13827061973
18109117057
13688669897
15914354347
13940998552
15529659663
13702470127
13582649750
13885802595
13363821388
13858689309
13911880909
13600064187
13128056216
13682239550
13577262778
18877388282
18023881439
18977170854
13692518537
18924053083
18092255888
18926314706
13946395987
13973732739
15003980444
18631075198
13648893298
13809684936
13386757722
13925563198
15834162521
18669017170
13382746360
13311953913
13807465736
13711484223
13525440086
15768827628
13908173357
15813399331
13823933820
13715394697
18874078827
13933020354
13302376932
15585246688
18787230162
13650771912
15288616853
15288616853
15288616853
15288616853
18091851680
18023375656
13291567776
13291567776
13577681155
13905761617
13999883096
13888198621
18395812520
13577138807
18605451185
18612081324
17806335691
18505307717
18102259975
15887377769
15887377769
13595098777
18563123025
13595098777
13572008944
13703755631
15135567099
18604496249
18604496249
13302879891
13516727720
13682318067
13560151663
17738866550
13686642877
13686642877
13902587161
18905506770
13005728075
15920091577
13723768150
15602230516
13324854264
18778006038
18977345525
18336121030
13857778715
18279176688
13847232581
13828263766
13899572215
13713903393
13713903393
13713903393
13713903393
15640351110
13509110499
13809820685
13611647576
13611647576
15534789664
13631253725
15348333077
18252837006
13836922387
15319752741
13041054466
18111386275
15818938222
15307698088
15604711849
13917838893
13790229982
18376708808
15092359261
13945477133
18760382510
13751397323
13660863123
15060771604
13012136858
18256513957
13806080428
13500739038
13769194226
13769194226
13367742185
18608779636
13888383433
13987854823
18389765678
13433361986
13817553166
13827120811
13999999815
13567128662
15888668567
13979870704
13888780013
13997166306
15917885369
15063092757
18537067077
17601286388
13673257273
13608736060
18977527379
15974797635
15892876285
18522950918
18677231623
13826187623
13826187623
18111386275
13987699667
13699895004
18678386933
15707285299
13753090353
13281925577
13769867763
13566590629
13563262222
13282179228
13563262222
13542428229
13769867763
13988838166
18388363292
13144229708
13824242304
13991189892
13840076543
13702309210
13902971216
18904316639
13828677037
13808019191
13590042272
13590042272
13830394516
18621530580
18338730861
